Kasia 	0 100 6 10 6 7 6 7 7 7 4 3 1 2 5 5 20
Zygmunt 100 0 6 6 7 4 7 10 8 7 5 5 1 8 6 8 20
Ania 	10 7 0 10 9 9 6 3 6 6 4 2 5 4 4 4 7
Weka 	9 7 8 0 8 8 6 6 5 9 100 6 5 5 5 4 9
Kropek 	7 6 9 9 0 8 8 5 5 5 6 100 5 7 7 8 6
Asia 	6 5 8 9 8 0 5 5 4 5 5 4 100 6 6 6 7
Patrycja 6 8 7 6 7 5 0 8 9 8 5 5 4 6 6 6 8
Cielak 	8 10 4 5 6 4 8 0 5 7 4 7 5 8 5 6 7
Czarny 	7 9 6 5 7 6 10 6 0 7 5 7 5 7 5 7 6
Lewy 	8 9 6 9 7 7 7 8 6 0 9 5 6 8 6 8 7
Cwetler 5 6 6 100 7 6 3 4 4 8 0 3 5 5 4 4 6
Chlopek 3 7 7 6 100 6 8 7 7 6 5 0 5 5 6 8 3
Wojtek 	1 5 5 6 5 100 5 5 4 7 8 5 0 6 3 5 3
Justyna 6 10 7 6 7 5 6 7 4 7 6 5 7 0 4 6 5
Jagoda 	8 9 8 6 8 5 7 5 5 4 4 6 5 5 0 100 5
Maciek 	5 10 7 5 9 6 7 6 5 5 6 8 6 6 100 0 6
